[{"image_id": "c74a7da1a0e04e7b8b14e1cdab613653", "pose": [0.998393, 0.00698477, -0.0562377, 7.40198, 0.0562964, -0.00851621, 0.998378, 7.31716, 0.00649455, -0.999939, -0.00889559, 1.53494, 0, 0, 0, 1], "included": true, "visible": [false, true, false, false, false, false, false, false, false, false, false, false, false, false, false, false, false, false, false, false, false, false, false, false, false, false, false, false, false, false, false, false, false, false, false, false, false, false, false, false, false, false, false, false, false, false, false, false, false, false, false, false, false], "unobstructed": [false, false, false, false, false, false, false, false, false, false, false, false, false, false, false, false], "height": 1.5364607143438498}, {"image_id": "997b813443c64de5b38312642e937223", "pose": [0.63143, -0.0065266, 0.775405, 7.71025, -0.775368, -0.0182151, 0.631247, 4.81319, 0.0100042, -0.999813, -0.0165619, 1.55296, 0, 0, 0, 1], "included": true, "visible": [false, false, true, false, false, false, false, false, false, false, false, false, false, false, false, false, false, false, false, true, false, false, false, false, false, false, false, false, false, false, false, false, false, true, false, false, true, false, false, false, false, true, false, false, false, false, false, false, false, false, false, false, false], "unobstructed": [true, false, false, false, false, false, false, false, false, false, false, false, false, false, false, false], "height": 1.5500112944587476}, {"image_id": "b8c7c025564d4c8391833236f4f782c0", "pose": [-0.858538, -0.00738249, -0.512696, 5.66928, 0.512665, 0.00575224, -0.858569, 4.21106, 0.00928758, -0.999956, -0.00115362, 1.56197, 0, 0, 0, 1], "included": true, "visible": [true, true, false, false, false, true, false, false, false, false, false, true, false, false, false, true, false, false, false, true, false, false, false, false, false, false, false, false, false, false, false, false, false, false, true, false, true, false, false, false, false, true, false, false, false, false, false, true, false, false, false, false, false], "unobstructed": [false, true, false, false, false, false, false, false, false, false, false, false, false, false, false, false], "height": 1.5582309771582998}, {"image_id": "e1f88263b98d46909c3e00e9250b6a4b", "pose": [0.723594, 0.00447728, 0.690211, 3.88721, -0.690173, -0.0076217, 0.723604, 4.10875, 0.00850041, -0.999961, -0.00242477, 1.55956, 0, 0, 0, 1], "included": true, "visible": [true, true, true, false, true, false, false, false, false, false, true, true, false, false, false, true, false, false, false, true, false, false, true, false, false, false, true, false, false, false, false, false, false, false, false, false, true, false, false, false, false, false, false, false, false, false, false, true, false, false, false, false, false], "unobstructed": [false, false, true, false, false, false, false, false, false, false, false, false, false, false, false, false], "height": 1.5582001097422944}, {"image_id": "11bdfcf0a0984901a1d6f60fdd8ee4a6", "pose": [0.729697, 0.0219143, -0.683419, 1.39522, 0.683624, -0.00266748, 0.729829, 4.87617, 0.0141708, -0.999756, -0.0169275, 1.54855, 0, 0, 0, 1], "included": true, "visible": [true, false, true, false, true, false, false, false, false, false, false, false, true, false, false, false, false, false, false, true, false, false, true, false, false, false, false, false, false, false, false, false, false, false, false, false, true, false, false, false, false, true, false, false, false, false, false, false, false, false, false, false, false], "unobstructed": [false, false, false, true, false, false, false, false, false, false, false, false, false, false, false, false], "height": 1.549673914659373}, {"image_id": "94432dd9d465486b8acfb7013ffc3fca", "pose": [0.990079, 0.0088532, 0.14023, 0.395214, -0.140177, -0.00628097, 0.990106, 5.5827, 0.00964643, -0.999941, -0.00497749, 1.55252, 0, 0, 0, 1], "included": true, "visible": [true, false, false, false, false, false, false, false, false, false, false, false, true, false, false, true, false, false, false, false, false, false, false, false, false, false, false, false, false, false, false, false, false, false, false, false, false, false, false, false, false, true, false, false, false, false, false, false, false, false, false, false, false], "unobstructed": [false, false, false, false, true, false, false, false, false, false, false, false, false, false, false, false], "height": 1.5526716192945342}]