[{"image_id": "897ee6cdc5314ffaa23bf487ac2e0def", "pose": [-0.999911, -0.0128637, -0.00353785, 13.4114, 0.00353475, 0.000268362, -0.999994, 21.5793, 0.0128646, -0.999917, -0.000222819, 1.6595, 0, 0, 0, 1], "included": true, "visible": [false, false, false, false, false, false, false, false, false, false, false, false, false, false, false, false, false, false, false, false, false, false, false, false, false, false, false, false, false, false, false, false, false, false, false, false, false, false, false, false, false, false, false, false, false, false, false, false, false, false, false, false, false, false, false, false, false, false, false, false, false, false, false, false, true, false, false, false, false, false, false, false, false, false, false, false, false, false, false, false, false, false, false, false, false, false, false, false, false, false, false, false, false, false, false, false, false, false, false, false, false, false, false, false, false, false, false, false, false, false, false, false, false, false, false, false, false, false, false, false, false, true, false, false, false, false, false, false, false, false, false, false, false, false, false, false, false, false, false, false, false, false, false, false, false, false, true, false, false, false, false, false, false, false, true], "unobstructed": [false, false, false, false, false, false, false], "height": 1.6403888519574548}, {"image_id": "12cd53fa035549b29c5afe191ca7c0bb", "pose": [-0.997612, -0.0164059, -0.0670898, 10.8568, 0.0668836, 0.0128138, -0.997679, 21.6369, 0.0172275, -0.999783, -0.0116858, 1.66398, 0, 0, 0, 1], "included": true, "visible": [false, false, false, false, false, false, false, false, false, false, false, false, true, false, false, false, true, false, false, false, false, false, false, false, false, false, false, false, true, false, false, false, false, false, false, false, false, false, false, false, false, false, false, false, false, false, false, false, false, false, false, false, false, false, false, false, false, false, false, false, false, false, false, false, true, false, false, false, false, false, false, false, false, true, false, false, false, false, false, false, false, false, false, false, false, false, false, false, true, false, false, false, false, false, false, false, false, false, false, false, true, false, false, false, false, false, false, false, false, false, false, false, false, false, false, false, false, false, false, false, false, true, false, false, false, false, false, false, false, false, true, false, false, false, false, true, false, false, false, false, false, false, false, false, false, false, false, false, false, false, false, false, false, false, true], "unobstructed": [true, false, false, false, false, false, false], "height": 1.6564373738679836}, {"image_id": "88e1a361dfe240d49d9f3bf34a8f1617", "pose": [-0.817699, -0.0138889, -0.575478, 9.00272, 0.575303, 0.0147717, -0.817807, 19.2065, 0.0198593, -0.999794, -0.00408846, 1.66551, 0, 0, 0, 1], "included": true, "visible": [false, false, false, false, false, false, false, false, false, false, false, false, true, false, false, false, false, false, false, false, false, false, false, false, true, false, false, false, false, false, false, false, false, false, false, false, false, false, false, false, false, false, false, false, false, false, false, false, false, false, false, true, false, false, true, false, false, false, false, false, false, false, true, false, false, false, false, false, false, false, false, true, false, true, false, false, false, false, false, false, false, false, false, false, false, false, false, false, false, false, false, false, false, false, false, false, false, false, true, false, false, false, false, false, false, false, false, false, false, false, false, false, false, false, false, true, false, false, false, false, false, true, false, false, false, false, true, false, false, false, false, false, false, false, false, false, false, false, false, false, false, false, false, false, false, false, true, false, false, false, false, false, false, false, true], "unobstructed": [false, true, false, false, false, false, false], "height": 1.655399721626384}, {"image_id": "9ba0cda9b1dc43c38071ac00ad297045", "pose": [-0.974741, -0.00937741, -0.223141, 8.29219, 0.223069, 0.00811074, -0.974769, 21.5639, 0.0109507, -0.999923, -0.00581401, 1.66969, 0, 0, 0, 1], "included": true, "visible": [false, false, false, false, false, false, false, false, false, false, false, false, true, false, false, false, false, false, false, false, false, false, false, false, true, false, false, false, false, false, false, false, false, false, false, false, false, false, false, false, false, false, false, false, false, false, false, false, false, false, false, false, false, false, true, false, false, false, false, false, false, false, true, false, false, false, false, false, false, false, false, true, false, true, false, false, false, false, false, false, false, false, false, false, false, false, false, false, false, false, false, false, false, false, false, false, false, false, true, false, false, false, false, false, false, false, false, false, false, false, false, false, false, false, false, true, false, false, false, false, false, false, false, false, false, false, true, false, false, false, false, false, false, false, false, false, false, false, false, false, false, false, false, false, false, false, true, false, false, false, false, false, false, false, false], "unobstructed": [false, false, true, false, false, false, false], "height": 1.6605016316528738}, {"image_id": "88e1a361dfe240d49d9f3bf34a8f1617", "pose": [-0.817699, -0.0138889, -0.575478, 9.00272, 0.575303, 0.0147717, -0.817807, 19.2065, 0.0198593, -0.999794, -0.00408846, 1.66551, 0, 0, 0, 1], "included": true, "visible": [false, false, false, false, false, false, false, false, false, false, false, false, true, false, false, false, false, false, false, false, false, false, false, false, true, false, false, false, false, false, false, false, false, false, false, false, false, false, false, false, false, false, false, false, false, false, false, false, false, false, false, true, false, false, true, false, false, false, false, false, false, false, true, false, false, false, false, false, false, false, false, true, false, true, false, false, false, false, false, false, false, false, false, false, false, false, false, false, false, false, false, false, false, false, false, false, false, false, true, false, false, false, false, false, false, false, false, false, false, false, false, false, false, false, false, true, false, false, false, false, false, true, false, false, false, false, true, false, false, false, false, false, false, false, false, false, false, false, false, false, false, false, false, false, false, false, true, false, false, false, false, false, false, false, true], "unobstructed": [false, false, false, true, false, false, false], "height": 1.655399721626384}, {"image_id": "5d8ebc45c0c34488aca8f4edf86ec97c", "pose": [-0.66779, -0.0131235, -0.744235, 8.6594, 0.744267, 0.00321931, -0.667875, 16.8043, 0.0111608, -0.999909, 0.00761763, 1.6614, 0, 0, 0, 1], "included": true, "visible": [false, false, false, false, false, false, false, false, false, false, false, false, false, false, false, false, false, false, false, false, false, false, false, false, true, false, false, false, true, false, false, false, false, false, false, false, false, false, false, false, false, false, false, false, false, false, false, false, false, false, false, true, false, false, true, false, false, false, false, false, false, false, true, false, true, false, false, false, false, false, false, true, false, true, false, false, false, false, false, false, false, false, false, false, false, false, false, false, false, false, false, false, false, false, false, false, false, false, true, false, false, false, false, false, false, false, false, false, false, false, false, false, false, false, false, true, false, false, false, false, false, false, false, false, false, false, true, false, false, false, false, false, false, false, false, false, false, false, false, false, false, false, false, false, false, false, true, false, false, false, false, false, false, false, false], "unobstructed": [false, false, false, false, true, false, false], "height": 1.65161043433126}, {"image_id": "7913c846ee9443daafb87cab26566963", "pose": [-0.647957, -0.0133882, -0.761559, 8.75444, 0.761405, 0.0153237, -0.648095, 13.5381, 0.0203468, -0.999793, 0.000264801, 1.65105, 0, 0, 0, 1], "included": true, "visible": [false, false, false, true, false, false, false, false, false, false, false, false, false, false, false, false, false, false, false, false, false, false, false, false, false, false, false, false, true, false, false, false, false, false, false, false, false, false, false, false, false, false, false, false, false, false, false, false, false, false, false, false, false, false, true, false, false, false, false, false, false, false, true, false, true, false, false, false, false, false, false, true, false, false, false, false, false, false, false, true, false, false, false, false, false, false, false, false, false, false, false, false, false, false, false, false, false, false, true, false, false, false, false, false, false, false, false, false, false, false, false, false, false, false, false, true, false, false, false, false, false, true, false, false, false, false, true, false, false, false, false, false, false, false, false, true, false, false, false, false, false, false, false, false, false, false, false, false, false, false, false, false, false, false, false], "unobstructed": [false, false, false, false, false, true, false], "height": 1.6592195749879788}]