[{"image_id": "e775ea81e83c45719de5a1577f8f7e39", "pose": [0.967623, -0.00934794, -0.252228, 2.82818, 0.252377, 0.0221475, 0.967376, -5.00859, -0.00345689, -0.999711, 0.0237893, 0.677925, 0, 0, 0, 1], "included": true, "visible": [false, false, true, true, true, true, false, false, true, true, false, false, true, true, true, true, false, false, false, false, true, false, true, false, true, true, false, false, false, true, false, false, true, false], "unobstructed": [false, false, false, false, false, false, false, false, false], "height": 1.2544772562107187}, {"image_id": "9b2b12257e9a4c5d9f99f141769e9301", "pose": [0.98729, -0.0123897, 0.158448, 0.0965094, -0.158303, 0.0119552, 0.987319, -4.80181, -0.014127, -0.999852, 0.00984156, 0.677793, 0, 0, 0, 1], "included": true, "visible": [false, false, true, true, true, true, true, false, true, true, false, true, true, true, true, true, false, false, true, true, false, false, true, true, true, false, true, true, false, true, true, false, true, false], "unobstructed": [true, false, false, false, false, false, false, false, false], "height": 1.251745413841814}, {"image_id": "7e094a308dec4987a5185a0426f4ec3c", "pose": [0.993231, -0.0084319, 0.115849, 0.146963, -0.115685, 0.0178686, 0.993125, -4.26187, -0.0104441, -0.999805, 0.0167718, 0.681901, 0, 0, 0, 1], "included": true, "visible": [false, true, true, true, true, true, true, false, true, true, false, true, true, true, true, true, false, false, true, false, false, false, true, true, true, true, true, true, false, true, false, false, false, false], "unobstructed": [false, true, false, false, false, false, false, false, false], "height": 1.2503792812204662}, {"image_id": "ff2dd63ad83245c3b4831b4f8a6911ac", "pose": [0.998846, -0.00853272, 0.047285, 0.322808, -0.047168, 0.01344, 0.998797, -3.39025, -0.0091581, -0.999874, 0.0130217, 0.694594, 0, 0, 0, 1], "included": true, "visible": [false, false, true, true, true, true, true, false, true, true, false, true, true, true, true, true, false, false, false, false, true, false, true, true, true, true, true, true, false, false, true, false, false, false], "unobstructed": [false, false, true, false, false, false, false, false, false], "height": 1.2549827051622604}, {"image_id": "2596868500734b1496d479e6936cceb3", "pose": [0.888937, -0.0176477, -0.45769, 0.291121, 0.457814, 0.00353992, 0.889041, -2.06553, -0.0140695, -0.999838, 0.0112258, 0.706623, 0, 0, 0, 1], "included": true, "visible": [false, true, true, false, true, true, true, false, true, true, false, false, true, true, false, true, false, false, true, false, true, false, true, true, true, true, false, true, false, false, true, true, true, false], "unobstructed": [false, false, false, true, false, false, false, false, false], "height": 1.2553193865748646}]