[{"image_id": "a39bc73eb9f64cbaabfca03100692305", "pose": [0.659565, 0.000800722, -0.751647, 5.59325, 0.751625, -0.0083468, 0.659537, -38.2251, -0.00574559, -0.999964, -0.00610643, 1.64015, 0, 0, 0, 1], "included": true, "visible": [false, false, false, false, false, false, false, false, false, false, false, false, false, false, true, true, true, false, false, false, false, false, false, false, false, false, false, false, false, false, false, false, false, false, false, false, false, false, false, false, false, false, false, false, false, true, false, false, false, false, false, false, false, false, false, false, false, false, false, false, false, false, false, false, false, true, false, false, false, false, false, false, false, false, false, false, false, false, true, false, false, false, true, false, true, false, false, false, false, false, false, false, false, false, false, true], "unobstructed": [false, false, false, false, false, false, false, false], "height": 1.5471366307719085}, {"image_id": "6693377c80b04bb994dd3b7a26cd75ee", "pose": [0.944588, -0.00364569, 0.328236, 5.64509, -0.328253, -0.00675106, 0.944565, -34.9945, -0.0012275, -0.99997, -0.00757301, 1.62788, 0, 0, 0, 1], "included": true, "visible": [false, false, false, false, false, false, false, false, false, false, false, false, false, true, true, true, true, false, false, false, false, false, false, false, false, false, false, false, false, false, false, false, false, false, false, false, false, false, false, false, false, false, true, false, false, false, false, false, false, false, false, false, false, false, false, false, false, false, false, false, false, false, false, false, false, false, false, false, false, false, false, false, false, false, false, false, false, false, true, false, false, true, true, false, true, false, false, false, false, false, false, false, false, false, false, true], "unobstructed": [true, false, false, false, false, false, false, false], "height": 1.5466132962539783}, {"image_id": "8067c649a55045d79e0ef8908e174b14", "pose": [0.991207, -0.0011664, -0.132312, 5.63009, 0.132303, -0.00576428, 0.991192, -31.6004, -0.00191865, -0.999982, -0.0055586, 1.61294, 0, 0, 0, 1], "included": true, "visible": [false, false, false, false, false, false, false, false, false, false, false, false, false, true, true, true, true, false, false, false, false, false, false, false, true, false, false, false, true, false, false, false, false, false, false, false, false, false, false, false, false, true, true, false, false, true, false, false, false, false, true, false, false, false, true, true, false, false, false, false, false, false, false, false, false, false, false, false, false, false, false, false, true, false, true, true, false, false, true, false, false, true, true, false, false, false, false, false, false, false, false, false, false, true, true, true], "unobstructed": [false, true, false, false, false, false, false, false], "height": 1.5378767520102408}, {"image_id": "72dc0c6d62414bbaa9fe67ecfe6305e3", "pose": [0.885366, 0.00167451, -0.464889, 5.66988, 0.464892, -0.00377645, 0.885359, -28.8568, -0.000272936, -0.999991, -0.00412133, 1.59908, 0, 0, 0, 1], "included": true, "visible": [true, false, false, false, false, false, false, false, false, false, false, true, false, true, true, true, true, false, false, false, false, false, false, false, true, false, false, false, true, false, false, false, false, false, false, false, false, false, false, false, false, true, true, false, false, true, false, false, false, false, true, false, false, false, true, true, false, false, false, false, false, false, false, false, false, false, false, false, false, false, false, false, true, false, true, true, false, false, false, false, false, true, true, false, true, false, false, false, false, false, false, false, false, true, true, true], "unobstructed": [false, false, true, false, false, false, false, false], "height": 1.5454030210168626}, {"image_id": "9baaef79e7484c8e9929f78df52fc3df", "pose": [0.879449, -0.0122569, -0.475834, 4.98059, 0.475916, 0.0404389, 0.87856, -27.2605, 0.00847396, -0.999106, 0.0413979, 1.58337, 0, 0, 0, 1], "included": true, "visible": [true, false, false, false, false, false, false, false, false, false, false, true, false, true, true, true, true, false, false, false, false, false, false, true, true, false, false, false, true, false, false, false, false, false, false, false, false, false, false, false, false, true, true, false, false, true, false, false, false, false, true, false, false, false, true, true, false, false, false, false, false, false, false, false, false, false, false, false, false, false, false, false, true, false, true, true, false, false, true, false, false, true, false, false, true, false, false, false, false, false, false, false, false, true, true, true], "unobstructed": [false, false, false, true, false, false, false, false], "height": 1.5329612696848838}, {"image_id": "063eee6149194f3abc6f297e290068fa", "pose": [0.812025, -0.0176992, -0.583353, 3.83469, 0.583568, 0.0380922, 0.81117, -24.6803, 0.00786428, -0.999117, 0.0412612, 1.57235, 0, 0, 0, 1], "included": true, "visible": [true, false, false, false, false, false, false, false, false, false, false, true, false, true, false, false, true, false, false, false, false, false, false, true, true, false, false, false, true, false, false, false, false, false, false, false, false, false, false, false, false, true, true, false, false, true, false, false, false, false, true, false, false, false, true, true, false, false, false, false, false, false, false, false, false, false, false, false, false, false, false, false, true, false, true, true, false, false, true, false, false, true, true, false, true, false, false, false, false, false, false, false, false, true, true, false], "unobstructed": [false, false, false, false, true, false, false, false], "height": 1.5415433205084241}, {"image_id": "a66ff11e61dd489994fba110d257025e", "pose": [0.858163, -0.0143426, -0.513175, 2.78712, 0.513323, 0.0382604, 0.857342, -21.7908, 0.00733797, -0.999164, 0.0401968, 1.55456, 0, 0, 0, 1], "included": true, "visible": [true, false, false, false, false, false, false, false, false, false, false, true, false, false, false, true, false, false, false, false, false, false, false, true, true, false, false, false, true, false, false, false, false, false, false, false, false, false, false, false, false, true, true, false, false, true, false, false, false, false, true, false, false, false, true, true, false, false, false, false, false, false, false, false, false, false, false, false, false, false, false, false, true, false, true, true, false, false, true, false, false, false, true, false, true, false, false, false, false, false, false, false, false, true, true, false], "unobstructed": [false, false, false, false, false, true, false, false], "height": 1.5409901966045665}, {"image_id": "b3fdc3c598324cc5bbaf8c704c03a8bf", "pose": [0.799976, -0.0185873, -0.599743, 1.67297, 0.599964, 0.0396905, 0.799041, -19.0128, 0.00895228, -0.999039, 0.0429038, 1.53988, 0, 0, 0, 1], "included": true, "visible": [true, false, false, false, false, false, false, false, false, false, false, true, false, false, false, true, false, false, false, false, false, false, false, true, true, false, false, false, true, false, false, false, false, false, false, false, false, false, false, false, false, true, false, false, true, true, true, false, false, false, true, false, false, false, true, true, false, false, false, false, false, false, false, false, false, false, false, false, false, false, false, false, true, false, true, true, false, false, true, false, false, true, true, false, true, false, false, false, false, false, false, false, false, true, true, false], "unobstructed": [false, false, false, false, false, false, true, false], "height": 1.5446838118684063}]