[{"image_id": "9d001c6bc0f64a699fd36a6b9a61266a", "pose": [0.00206118, 0.0123694, -0.999922, 1.62138, 0.999996, 0.00230372, 0.00208971, 5.15394, 0.00232925, -0.999921, -0.012365, 1.29926, 0, 0, 0, 1], "included": true, "visible": [false, false, false, false, false, false, false, true, false, false, false, false, false, false, true, false, false, false, false, false, false, false, false, false, false, false, true, false, false, false, false, false, false, false, false, true, false, false, false, true, false, false, false, true, false, true, false, false, false, false, false, false, true, false, false, false, false, false, false, false, false, true, false, false, false, false, false, false, false, true, false, false, false, false, false, false, false, false, true, false, true], "unobstructed": [false, false, false, false, false, false, false, false, false, false, false, false, false, false, false, false, false, false, false], "height": 1.2916030571606725}, {"image_id": "7cb2c4bc9ad84463b4d0c6a91b8c4640", "pose": [0.988808, 0.0152502, -0.148418, 0.353687, 0.148243, 0.0119963, 0.988879, 2.95719, 0.0168609, -0.999812, 0.00960096, 1.29432, 0, 0, 0, 1], "included": true, "visible": [false, false, false, false, false, false, false, false, false, false, false, false, false, false, false, false, false, false, false, false, false, false, false, false, false, false, false, false, false, false, true, false, false, false, false, false, false, false, false, false, false, false, true, true, false, false, false, false, false, false, false, false, false, false, false, false, false, false, false, false, false, false, false, false, false, false, false, false, false, false, false, false, false, true, false, false, false, false, true, false, false], "unobstructed": [true, false, false, false, false, false, false, false, false, false, false, false, false, false, false, false, false, false, false], "height": 1.2894523916827259}, {"image_id": "70f4a1eb60744999ba4a1f63fef62afe", "pose": [0.547317, 0.0101113, 0.836865, 0.0551891, -0.836925, 0.00776466, 0.547263, 1.73531, -0.000964587, -0.999919, 0.0127117, 1.29625, 0, 0, 0, 1], "included": true, "visible": [false, false, false, false, false, false, false, true, false, false, false, false, false, false, false, false, false, false, false, false, false, false, false, false, false, false, false, false, false, false, true, false, false, false, false, false, false, false, false, false, false, false, true, false, false, false, false, false, false, false, false, false, false, false, false, false, false, false, false, false, false, false, false, false, false, false, false, false, false, false, false, false, false, true, false, false, false, false, true, false, false], "unobstructed": [false, true, false, false, false, false, false, false, false, false, false, false, false, false, false, false, false, false, false], "height": 1.291263158731371}, {"image_id": "eef89e7a055443d8825cf94f092aaa35", "pose": [0.994858, 0.0122732, -0.100535, 0.0410457, 0.100738, -0.017271, 0.994763, -0.132144, 0.0104725, -0.999776, -0.0184189, 1.36722, 0, 0, 0, 1], "included": true, "visible": [false, false, false, false, false, false, false, true, false, false, false, false, false, false, false, false, false, false, false, false, false, false, false, false, false, false, false, false, false, false, false, false, false, false, false, false, false, false, false, false, true, false, false, true, false, false, false, false, false, false, false, false, false, false, false, false, false, false, false, false, false, false, false, false, false, false, false, false, false, false, false, false, false, true, false, false, false, false, true, false, false], "unobstructed": [false, false, true, false, false, false, false, false, false, false, false, false, false, false, false, false, false, false, false], "height": 1.3598560938017463}, {"image_id": "eb74eebca6c646808946749065633047", "pose": [0.992707, 0.0176861, -0.119254, 0.119361, 0.119526, -0.0152286, 0.992715, -2.09939, 0.0157411, -0.999728, -0.0172318, 1.36683, 0, 0, 0, 1], "included": true, "visible": [false, false, false, false, false, false, false, true, false, false, false, false, false, false, false, false, false, false, false, false, false, false, false, false, false, false, false, false, false, false, false, false, false, false, false, false, false, false, false, false, true, false, true, true, false, false, false, false, false, false, false, false, false, false, false, false, false, false, false, false, false, false, false, false, false, false, false, false, false, false, false, false, false, false, false, true, false, false, true, false, false], "unobstructed": [false, false, false, true, false, false, false, false, false, false, false, false, false, false, false, false, false, false, false], "height": 1.3643894397142928}, {"image_id": "eef89e7a055443d8825cf94f092aaa35", "pose": [0.994858, 0.0122732, -0.100535, 0.0410457, 0.100738, -0.017271, 0.994763, -0.132144, 0.0104725, -0.999776, -0.0184189, 1.36722, 0, 0, 0, 1], "included": true, "visible": [false, false, false, false, false, false, false, true, false, false, false, false, false, false, false, false, false, false, false, false, false, false, false, false, false, false, false, false, false, false, false, false, false, false, false, false, false, false, false, false, true, false, false, true, false, false, false, false, false, false, false, false, false, false, false, false, false, false, false, false, false, false, false, false, false, false, false, false, false, false, false, false, false, true, false, false, false, false, true, false, false], "unobstructed": [false, false, false, false, true, false, false, false, false, false, false, false, false, false, false, false, false, false, false], "height": 1.3598560938017463}, {"image_id": "eb74eebca6c646808946749065633047", "pose": [0.992707, 0.0176861, -0.119254, 0.119361, 0.119526, -0.0152286, 0.992715, -2.09939, 0.0157411, -0.999728, -0.0172318, 1.36683, 0, 0, 0, 1], "included": true, "visible": [false, false, false, false, false, false, false, true, false, false, false, false, false, false, false, false, false, false, false, false, false, false, false, false, false, false, false, false, false, false, false, false, false, false, false, false, false, false, false, false, true, false, true, true, false, false, false, false, false, false, false, false, false, false, false, false, false, false, false, false, false, false, false, false, false, false, false, false, false, false, false, false, false, false, false, true, false, false, true, false, false], "unobstructed": [false, false, false, false, false, true, false, false, false, false, false, false, false, false, false, false, false, false, false], "height": 1.3643894397142928}]