[{"image_id": "ead481533f834704bd489d3d44b6a03a", "pose": [-0.621043, -0.0288613, 0.783245, 6.81547, -0.783446, -0.00615418, -0.621429, 4.18524, 0.0227555, -0.999564, -0.0187891, 1.56337, 0, 0, 0, 1], "included": true, "visible": [true, true, true, false, false, true, false, false, false, false, false, true, false, false, false, true, false, false, false, true, false, false, false, false, false, false, false, false, false, false, false, false, false, false, false, false, false, false, false, false, false, true, false, false, false, false, false, true, false, false, false, false, false], "unobstructed": [false, false, false, false, false, false, false, false, false, false, false, false, false], "height": 1.556145416469}, {"image_id": "b8c7c025564d4c8391833236f4f782c0", "pose": [-0.858538, -0.00738249, -0.512696, 5.66928, 0.512665, 0.00575224, -0.858569, 4.21106, 0.00928758, -0.999956, -0.00115362, 1.56197, 0, 0, 0, 1], "included": true, "visible": [true, true, false, false, false, true, false, false, false, false, false, true, false, false, false, true, false, false, false, true, false, false, false, false, false, false, false, false, false, false, false, false, false, false, true, false, true, false, false, false, false, true, false, false, false, false, false, true, false, false, false, false, false], "unobstructed": [true, false, false, false, false, false, false, false, false, false, false, false, false], "height": 1.5582309771582998}, {"image_id": "e1f88263b98d46909c3e00e9250b6a4b", "pose": [0.723594, 0.00447728, 0.690211, 3.88721, -0.690173, -0.0076217, 0.723604, 4.10875, 0.00850041, -0.999961, -0.00242477, 1.55956, 0, 0, 0, 1], "included": true, "visible": [true, true, true, false, true, false, false, false, false, false, true, true, false, false, false, true, false, false, false, true, false, false, true, false, false, false, true, false, false, false, false, false, false, false, false, false, true, false, false, false, false, false, false, false, false, false, false, true, false, false, false, false, false], "unobstructed": [false, true, false, false, false, false, false, false, false, false, false, false, false], "height": 1.5582001097422944}, {"image_id": "81dab76afc424a5b9ab7c7d2432c633f", "pose": [-0.805274, -0.00263522, 0.592896, 3.95265, -0.592901, 0.00527109, -0.805258, 2.17644, -0.00100313, -0.999982, -0.00580695, 1.56141, 0, 0, 0, 1], "included": true, "visible": [false, false, false, true, true, false, false, false, true, false, true, false, false, false, true, false, false, false, false, false, true, true, false, false, false, false, false, false, false, false, false, true, false, false, false, false, false, false, false, true, false, true, false, false, false, false, false, false, false, false, true, false, false], "unobstructed": [false, false, true, false, false, false, false, false, false, false, false, false, false], "height": 1.5578036730113782}, {"image_id": "d9d0b72a2929495cb1fc8df42c84b18a", "pose": [0.956162, 0.000844065, 0.292838, 3.99344, -0.292822, -0.00821696, 0.956132, 0.243735, 0.00321332, -0.999966, -0.00760943, 1.55276, 0, 0, 0, 1], "included": true, "visible": [false, false, false, false, true, false, false, false, false, false, false, false, false, false, false, false, false, false, false, false, false, false, false, false, true, false, true, false, false, true, false, false, false, false, false, false, false, true, true, false, true, true, false, true, true, false, true, false, false, true, false, false, false], "unobstructed": [false, false, false, true, false, false, false, false, false, false, false, false, false], "height": 1.5499529321294032}]